0
2
3
5
6
7
9
10
11
12
15
16
19
20
22
23
24
29
30
31
32
34
35
37
38
39
40
42
43
46
47
48
49
50
51
52
53
54
56
57
60
61
62
64
66
67
68
69
70
71
74
75
76
77
78
79
81
82
84
85
86
87
88
89
91
92
93
94
95
96
97
98
99
101
104
105
106
107
108
110
111
113
115
116
118
120
121
123
124
125
126
128
130
131
132
133
134
135
136
137
138
139
140
141
142
144
145
146
147
150
151
153
154
155
156
157
158
159
160
161
162
164
166
167
168
169
170
171
172
173
174
175
176
177
178
179
180
182
183
187
188
189
190
191
193
194
195
196
197
198
